1,1,1,1,1,1,1,1,1,1
1,1,1,1,1,1,1,1,1,1
1,1,1,1,1,1,1,1,1,1
1,1,1,1,1,1,1,1,1,1
1,1,1,1,1,1,1,1,1,1
77.442,77.442,77.442,77.442,77.442,77.442,77.442,77.442,77.442,77.442
1,1,1,1,1,1,1,1,1,1
0.9174,0.9174,0.9174,0.9174,0.9174,0.9174,0.9174,0.9174,0.9174,0.9174
0.9174,0.9174,0.9174,0.9174,0.9174,0.9174,0.9174,0.9174,0.9174,0.9174
0.91462,0.91462,0.91462,0.91462,0.91462,0.91462,0.91462,0.91462,0.91462,0.91462
0.91462,0.91462,0.91462,0.91462,0.91462,0.91462,0.91462,0.91462,0.91462,0.91462
3.1832,3.1832,3.1832,3.1832,3.1832,3.1832,3.1832,3.1832,3.1832,3.1832
1,1,1,1,1,1,1,1,1,1
0.9681,0.9681,0.9681,0.9681,0.9681,0.9681,0.9681,0.9681,0.9681,0.9681
0.9681,0.9681,0.9681,0.9681,0.9681,0.9681,0.9681,0.9681,0.9681,0.9681
0.98199,0.98199,0.98199,0.98199,0.98199,0.98199,0.98199,0.98199,0.98199,0.98199
0.98199,0.98199,0.98199,0.98199,0.98199,0.98199,0.98199,0.98199,0.98199,0.98199
4.092,4.092,4.092,4.092,4.092,4.092,4.092,4.092,4.092,4.092
0.012381
0.036642
0.089713
0.19766
0.39796
0.66974
0.87833
0.96443
0.99112
0.99773
0.99944
0.997
0.98766
0.98288
0.96844
0.96821
0.96609
0.96498
0.96632
0.96632
0.99944
0.997
0.98766
0.98288
0.96844
0.96821
0.96609
0.96498
0.96632
0.96632
1
0.99933
0.99433
0.99333
0.983
0.97932
0.97933
0.97732
0.97866
0.97832
1
0.99933
0.99433
0.99333
0.983
0.97932
0.97933
0.97732
0.97866
0.97832
3.1922
3.0484
3.1918
3.4725
3.8541
3.8604
4.0802
4.2205
4.0533
4.011
0.012256
0.037608
0.092631
0.19717
0.3958
0.66709
0.87785
0.96481
0.99169
0.99788
1
1
0.99278
0.97056
0.96611
0.95944
0.95611
0.96
0.95778
0.95667
1
1
0.99278
0.97056
0.96611
0.95944
0.95611
0.96
0.95778
0.95667
1
1
1
0.98667
0.96
0.96333
0.96167
0.965
0.95833
0.96
1
1
0.99667
0.99267
0.98366
0.981
0.97732
0.97899
0.97832
0.97866
3.2784
3.0073
3.2222
3.4484
3.6375
3.9591
4.1666
4.1655
4.1842
4.2278
