1,1,1,1,1,1,1,1,1,1
0.86973,0.86973,0.86973,0.86973,0.86973,0.86973,0.86973,0.86973,0.86973,0.86973
0.8485,0.8485,0.8485,0.8485,0.8485,0.8485,0.8485,0.8485,0.8485,0.8485
0.80084,0.80084,0.80084,0.80084,0.80084,0.80084,0.80084,0.80084,0.80084,0.80084
0.77446,0.77446,0.77446,0.77446,0.77446,0.77446,0.77446,0.77446,0.77446,0.77446
77.442,77.442,77.442,77.442,77.442,77.442,77.442,77.442,77.442,77.442
1,1,1,1,1,1,1,1,1,1
0.87853,0.87853,0.87853,0.87853,0.87853,0.87853,0.87853,0.87853,0.87853,0.87853
0.84834,0.84834,0.84834,0.84834,0.84834,0.84834,0.84834,0.84834,0.84834,0.84834
0.8331,0.8331,0.8331,0.8331,0.8331,0.8331,0.8331,0.8331,0.8331,0.8331
0.79884,0.79884,0.79884,0.79884,0.79884,0.79884,0.79884,0.79884,0.79884,0.79884
3.1832,3.1832,3.1832,3.1832,3.1832,3.1832,3.1832,3.1832,3.1832,3.1832
1,1,1,1,1,1,1,1,1,1
0.89038,0.89038,0.89038,0.89038,0.89038,0.89038,0.89038,0.89038,0.89038,0.89038
0.86952,0.86952,0.86952,0.86952,0.86952,0.86952,0.86952,0.86952,0.86952,0.86952
0.85351,0.85351,0.85351,0.85351,0.85351,0.85351,0.85351,0.85351,0.85351,0.85351
0.82943,0.82943,0.82943,0.82943,0.82943,0.82943,0.82943,0.82943,0.82943,0.82943
4.092,4.092,4.092,4.092,4.092,4.092,4.092,4.092,4.092,4.092
0.012381
0.036642
0.089713
0.19766
0.39796
0.66974
0.87833
0.96443
0.99112
0.99773
0.84738
0.85442
0.86389
0.88264
0.88527
0.89065
0.8908
0.89054
0.8914
0.89129
0.82294
0.83149
0.8415
0.86148
0.86369
0.86928
0.86943
0.86922
0.87043
0.8705
0.79384
0.81307
0.82688
0.8401
0.84557
0.85138
0.85198
0.85171
0.85264
0.85245
0.76606
0.78854
0.80115
0.81633
0.82202
0.82661
0.8278
0.82716
0.82851
0.82824
3.1922
3.0484
3.1918
3.4725
3.8541
3.8604
4.0802
4.2205
4.0533
4.011
0.012256
0.037608
0.092631
0.19717
0.3958
0.66709
0.87785
0.96481
0.99169
0.99788
0.878
0.87411
0.87967
0.85222
0.89222
0.89467
0.89856
0.90378
0.90344
0.90367
0.85773
0.85528
0.8602
0.82964
0.87466
0.87597
0.88116
0.88766
0.88648
0.8866
0.80867
0.81233
0.827
0.797
0.846
0.864
0.871
0.876
0.87433
0.87533
0.75164
0.75038
0.75648
0.77974
0.80335
0.81536
0.82224
0.8266
0.82746
0.82823
3.2784
3.0073
3.2222
3.4484
3.6375
3.9591
4.1666
4.1655
4.1842
4.2278
