1,1,1,1,1,1,1,1,1,1
0.82354,0.82354,0.82354,0.82354,0.82354,0.82354,0.82354,0.82354,0.82354,0.82354
0.78409,0.78409,0.78409,0.78409,0.78409,0.78409,0.78409,0.78409,0.78409,0.78409
0.71233,0.71233,0.71233,0.71233,0.71233,0.71233,0.71233,0.71233,0.71233,0.71233
0.66152,0.66152,0.66152,0.66152,0.66152,0.66152,0.66152,0.66152,0.66152,0.66152
77.442,77.442,77.442,77.442,77.442,77.442,77.442,77.442,77.442,77.442
1,1,1,1,1,1,1,1,1,1
0.86209,0.86209,0.86209,0.86209,0.86209,0.86209,0.86209,0.86209,0.86209,0.86209
0.81854,0.81854,0.81854,0.81854,0.81854,0.81854,0.81854,0.81854,0.81854,0.81854
0.77676,0.77676,0.77676,0.77676,0.77676,0.77676,0.77676,0.77676,0.77676,0.77676
0.72472,0.72472,0.72472,0.72472,0.72472,0.72472,0.72472,0.72472,0.72472,0.72472
3.1832,3.1832,3.1832,3.1832,3.1832,3.1832,3.1832,3.1832,3.1832,3.1832
1,1,1,1,1,1,1,1,1,1
0.86637,0.86637,0.86637,0.86637,0.86637,0.86637,0.86637,0.86637,0.86637,0.86637
0.83217,0.83217,0.83217,0.83217,0.83217,0.83217,0.83217,0.83217,0.83217,0.83217
0.78848,0.78848,0.78848,0.78848,0.78848,0.78848,0.78848,0.78848,0.78848,0.78848
0.74586,0.74586,0.74586,0.74586,0.74586,0.74586,0.74586,0.74586,0.74586,0.74586
4.092,4.092,4.092,4.092,4.092,4.092,4.092,4.092,4.092,4.092
0.012381
0.036642
0.089713
0.19766
0.39796
0.66974
0.87833
0.96443
0.99112
0.99773
0.80288
0.81675
0.83236
0.85316
0.86161
0.86671
0.8676
0.86829
0.86848
0.86846
0.75869
0.77542
0.79262
0.81685
0.82603
0.83221
0.83342
0.8339
0.83444
0.83454
0.707
0.73284
0.74919
0.77517
0.78144
0.79037
0.79078
0.79133
0.79119
0.79093
0.65512
0.68535
0.70258
0.73052
0.738
0.74706
0.74761
0.74824
0.74845
0.74818
3.1922
3.0484
3.1918
3.4725
3.8541
3.8604
4.0802
4.2205
4.0533
4.011
0.012256
0.037608
0.092631
0.19717
0.3958
0.66709
0.87785
0.96481
0.99169
0.99788
0.83802
0.83364
0.84228
0.82358
0.86611
0.87346
0.88444
0.88673
0.88636
0.88586
0.79902
0.79688
0.80697
0.78565
0.83743
0.8434
0.85577
0.8589
0.85814
0.85769
0.71981
0.73296
0.74426
0.73741
0.79926
0.80852
0.81741
0.82296
0.82185
0.82315
0.63622
0.64066
0.65174
0.68535
0.71687
0.73277
0.74241
0.74713
0.74788
0.74867
3.2784
3.0073
3.2222
3.4484
3.6375
3.9591
4.1666
4.1655
4.1842
4.2278
