1,1,1,1,1,1,1,1,1,1
0.93617,0.93617,0.93617,0.93617,0.93617,0.93617,0.93617,0.93617,0.93617,0.93617
0.93617,0.93617,0.93617,0.93617,0.93617,0.93617,0.93617,0.93617,0.93617,0.93617
0.90909,0.90909,0.90909,0.90909,0.90909,0.90909,0.90909,0.90909,0.90909,0.90909
0.90909,0.90909,0.90909,0.90909,0.90909,0.90909,0.90909,0.90909,0.90909,0.90909
77.442,77.442,77.442,77.442,77.442,77.442,77.442,77.442,77.442,77.442
1,1,1,1,1,1,1,1,1,1
0.89978,0.89978,0.89978,0.89978,0.89978,0.89978,0.89978,0.89978,0.89978,0.89978
0.88869,0.88869,0.88869,0.88869,0.88869,0.88869,0.88869,0.88869,0.88869,0.88869
0.88477,0.88477,0.88477,0.88477,0.88477,0.88477,0.88477,0.88477,0.88477,0.88477
0.87376,0.87376,0.87376,0.87376,0.87376,0.87376,0.87376,0.87376,0.87376,0.87376
3.1832,3.1832,3.1832,3.1832,3.1832,3.1832,3.1832,3.1832,3.1832,3.1832
1,1,1,1,1,1,1,1,1,1
0.93012,0.93012,0.93012,0.93012,0.93012,0.93012,0.93012,0.93012,0.93012,0.93012
0.92521,0.92521,0.92521,0.92521,0.92521,0.92521,0.92521,0.92521,0.92521,0.92521
0.92279,0.92279,0.92279,0.92279,0.92279,0.92279,0.92279,0.92279,0.92279,0.92279
0.91979,0.91979,0.91979,0.91979,0.91979,0.91979,0.91979,0.91979,0.91979,0.91979
4.092,4.092,4.092,4.092,4.092,4.092,4.092,4.092,4.092,4.092
0.012381
0.036642
0.089713
0.19766
0.39796
0.66974
0.87833
0.96443
0.99112
0.99773
0.9201
0.92284
0.92312
0.93135
0.92574
0.92918
0.92979
0.92918
0.92935
0.9299
0.91999
0.92231
0.92129
0.92849
0.92154
0.92432
0.92448
0.92393
0.92448
0.92487
0.90093
0.91294
0.91179
0.92062
0.92045
0.91929
0.92012
0.91729
0.91846
0.91795
0.90093
0.91278
0.91095
0.91945
0.9172
0.91554
0.91645
0.9132
0.91462
0.91412
3.1922
3.0484
3.1918
3.4725
3.8541
3.8604
4.0802
4.2205
4.0533
4.011
0.012256
0.037608
0.092631
0.19717
0.3958
0.66709
0.87785
0.96481
0.99169
0.99788
0.94667
0.94333
0.93722
0.91194
0.93139
0.93083
0.93
0.93528
0.93167
0.93083
0.94667
0.94333
0.93625
0.90806
0.92681
0.925
0.92403
0.92972
0.92639
0.92542
0.92417
0.91917
0.9125
0.88917
0.91333
0.92083
0.92167
0.9225
0.91917
0.9225
0.89742
0.89742
0.89292
0.90036
0.90545
0.91062
0.91271
0.91554
0.91295
0.91429
3.2784
3.0073
3.2222
3.4484
3.6375
3.9591
4.1666
4.1655
4.1842
4.2278
