1,1,1,1,1,1,1,1,1,1
0.88461,0.88461,0.88461,0.88461,0.88461,0.88461,0.88461,0.88461,0.88461,0.88461
0.86992,0.86992,0.86992,0.86992,0.86992,0.86992,0.86992,0.86992,0.86992,0.86992
0.82895,0.82895,0.82895,0.82895,0.82895,0.82895,0.82895,0.82895,0.82895,0.82895
0.81091,0.81091,0.81091,0.81091,0.81091,0.81091,0.81091,0.81091,0.81091,0.81091
77.442,77.442,77.442,77.442,77.442,77.442,77.442,77.442,77.442,77.442
1,1,1,1,1,1,1,1,1,1
0.8843,0.8843,0.8843,0.8843,0.8843,0.8843,0.8843,0.8843,0.8843,0.8843
0.85901,0.85901,0.85901,0.85901,0.85901,0.85901,0.85901,0.85901,0.85901,0.85901
0.84766,0.84766,0.84766,0.84766,0.84766,0.84766,0.84766,0.84766,0.84766,0.84766
0.81973,0.81973,0.81973,0.81973,0.81973,0.81973,0.81973,0.81973,0.81973,0.81973
3.1832,3.1832,3.1832,3.1832,3.1832,3.1832,3.1832,3.1832,3.1832,3.1832
1,1,1,1,1,1,1,1,1,1
0.89964,0.89964,0.89964,0.89964,0.89964,0.89964,0.89964,0.89964,0.89964,0.89964
0.88332,0.88332,0.88332,0.88332,0.88332,0.88332,0.88332,0.88332,0.88332,0.88332
0.8685,0.8685,0.8685,0.8685,0.8685,0.8685,0.8685,0.8685,0.8685,0.8685
0.85132,0.85132,0.85132,0.85132,0.85132,0.85132,0.85132,0.85132,0.85132,0.85132
4.092,4.092,4.092,4.092,4.092,4.092,4.092,4.092,4.092,4.092
0.012381
0.036642
0.089713
0.19766
0.39796
0.66974
0.87833
0.96443
0.99112
0.99773
0.86424
0.8685
0.87773
0.89324
0.89569
0.89889
0.89894
0.89869
0.89989
0.90011
0.84665
0.85234
0.86107
0.87747
0.87895
0.88228
0.88221
0.88227
0.88355
0.88386
0.82154
0.83972
0.84714
0.86016
0.86442
0.86842
0.8675
0.86859
0.87009
0.86934
0.80177
0.82278
0.82885
0.8434
0.84759
0.84983
0.84992
0.85003
0.85158
0.85104
3.1922
3.0484
3.1918
3.4725
3.8541
3.8604
4.0802
4.2205
4.0533
4.011
0.012256
0.037608
0.092631
0.19717
0.3958
0.66709
0.87785
0.96481
0.99169
0.99788
0.89167
0.88806
0.89306
0.86333
0.90028
0.90153
0.90611
0.91097
0.91
0.91069
0.87786
0.87541
0.87947
0.84667
0.88683
0.88641
0.89206
0.8984
0.8963
0.89706
0.84167
0.83625
0.84458
0.82083
0.86
0.88
0.88667
0.8925
0.8875
0.89167
0.78906
0.78737
0.79107
0.81056
0.82988
0.84032
0.84569
0.85095
0.8509
0.85133
3.2784
3.0073
3.2222
3.4484
3.6375
3.9591
4.1666
4.1655
4.1842
4.2278
