1,1,1,1,1,1,1,1,1,1
0.85652,0.85652,0.85652,0.85652,0.85652,0.85652,0.85652,0.85652,0.85652,0.85652
0.82991,0.82991,0.82991,0.82991,0.82991,0.82991,0.82991,0.82991,0.82991,0.82991
0.77744,0.77744,0.77744,0.77744,0.77744,0.77744,0.77744,0.77744,0.77744,0.77744
0.74341,0.74341,0.74341,0.74341,0.74341,0.74341,0.74341,0.74341,0.74341,0.74341
77.442,77.442,77.442,77.442,77.442,77.442,77.442,77.442,77.442,77.442
1,1,1,1,1,1,1,1,1,1
0.87387,0.87387,0.87387,0.87387,0.87387,0.87387,0.87387,0.87387,0.87387,0.87387
0.83948,0.83948,0.83948,0.83948,0.83948,0.83948,0.83948,0.83948,0.83948,0.83948
0.8206,0.8206,0.8206,0.8206,0.8206,0.8206,0.8206,0.8206,0.8206,0.8206
0.7805,0.7805,0.7805,0.7805,0.7805,0.7805,0.7805,0.7805,0.7805,0.7805
3.1832,3.1832,3.1832,3.1832,3.1832,3.1832,3.1832,3.1832,3.1832,3.1832
1,1,1,1,1,1,1,1,1,1
0.88315,0.88315,0.88315,0.88315,0.88315,0.88315,0.88315,0.88315,0.88315,0.88315
0.85809,0.85809,0.85809,0.85809,0.85809,0.85809,0.85809,0.85809,0.85809,0.85809
0.83467,0.83467,0.83467,0.83467,0.83467,0.83467,0.83467,0.83467,0.83467,0.83467
0.80583,0.80583,0.80583,0.80583,0.80583,0.80583,0.80583,0.80583,0.80583,0.80583
4.092,4.092,4.092,4.092,4.092,4.092,4.092,4.092,4.092,4.092
0.012381
0.036642
0.089713
0.19766
0.39796
0.66974
0.87833
0.96443
0.99112
0.99773
0.83444
0.84368
0.85445
0.87389
0.87808
0.8838
0.88393
0.88375
0.88443
0.88462
0.80387
0.81506
0.82691
0.84809
0.85217
0.8584
0.85862
0.85853
0.8595
0.85963
0.76994
0.79046
0.80642
0.8251
0.82862
0.8354
0.83551
0.83668
0.83657
0.83684
0.73464
0.75912
0.77454
0.79475
0.79959
0.80554
0.80636
0.80664
0.80719
0.80722
3.1922
3.0484
3.1918
3.4725
3.8541
3.8604
4.0802
4.2205
4.0533
4.011
0.012256
0.037608
0.092631
0.19717
0.3958
0.66709
0.87785
0.96481
0.99169
0.99788
0.86694
0.8625
0.86917
0.84352
0.88435
0.88759
0.89426
0.89815
0.89833
0.89852
0.84118
0.83823
0.84516
0.81611
0.86407
0.86553
0.87325
0.87856
0.87767
0.87806
0.78694
0.79417
0.79944
0.78528
0.83306
0.85361
0.8575
0.86389
0.86361
0.86417
0.71845
0.71883
0.72514
0.75297
0.77906
0.79449
0.80083
0.80502
0.80605
0.80746
3.2784
3.0073
3.2222
3.4484
3.6375
3.9591
4.1666
4.1655
4.1842
4.2278
