1,1,1,1,1,1,1,1,1,1
0.81503,0.81503,0.81503,0.81503,0.81503,0.81503,0.81503,0.81503,0.81503,0.81503
0.77178,0.77178,0.77178,0.77178,0.77178,0.77178,0.77178,0.77178,0.77178,0.77178
0.69246,0.69246,0.69246,0.69246,0.69246,0.69246,0.69246,0.69246,0.69246,0.69246
0.63716,0.63716,0.63716,0.63716,0.63716,0.63716,0.63716,0.63716,0.63716,0.63716
77.442,77.442,77.442,77.442,77.442,77.442,77.442,77.442,77.442,77.442
1,1,1,1,1,1,1,1,1,1
0.85819,0.85819,0.85819,0.85819,0.85819,0.85819,0.85819,0.85819,0.85819,0.85819
0.81247,0.81247,0.81247,0.81247,0.81247,0.81247,0.81247,0.81247,0.81247,0.81247
0.76013,0.76013,0.76013,0.76013,0.76013,0.76013,0.76013,0.76013,0.76013,0.76013
0.7049,0.7049,0.7049,0.7049,0.7049,0.7049,0.7049,0.7049,0.7049,0.7049
3.1832,3.1832,3.1832,3.1832,3.1832,3.1832,3.1832,3.1832,3.1832,3.1832
1,1,1,1,1,1,1,1,1,1
0.86139,0.86139,0.86139,0.86139,0.86139,0.86139,0.86139,0.86139,0.86139,0.86139
0.82476,0.82476,0.82476,0.82476,0.82476,0.82476,0.82476,0.82476,0.82476,0.82476
0.77327,0.77327,0.77327,0.77327,0.77327,0.77327,0.77327,0.77327,0.77327,0.77327
0.72674,0.72674,0.72674,0.72674,0.72674,0.72674,0.72674,0.72674,0.72674,0.72674
4.092,4.092,4.092,4.092,4.092,4.092,4.092,4.092,4.092,4.092
0.012381
0.036642
0.089713
0.19766
0.39796
0.66974
0.87833
0.96443
0.99112
0.99773
0.79375
0.80883
0.82586
0.84736
0.85658
0.86144
0.86277
0.8629
0.86371
0.86356
0.74612
0.76415
0.78294
0.80813
0.8186
0.82462
0.82617
0.82638
0.82731
0.82723
0.68639
0.71278
0.7306
0.75772
0.76584
0.77434
0.77414
0.77574
0.77564
0.77521
0.63067
0.66108
0.67988
0.7094
0.71837
0.72736
0.72762
0.72892
0.72909
0.7287
3.1922
3.0484
3.1918
3.4725
3.8541
3.8604
4.0802
4.2205
4.0533
4.011
0.012256
0.037608
0.092631
0.19717
0.3958
0.66709
0.87785
0.96481
0.99169
0.99788
0.82994
0.82606
0.83289
0.81956
0.86211
0.86944
0.8805
0.88306
0.88267
0.88244
0.78757
0.78554
0.79491
0.77815
0.83079
0.83705
0.84976
0.85306
0.85236
0.85231
0.695
0.71133
0.7225
0.7205
0.7815
0.79233
0.803
0.807
0.805
0.80617
0.61163
0.61737
0.62877
0.66335
0.69549
0.71206
0.72382
0.72788
0.72841
0.729
3.2784
3.0073
3.2222
3.4484
3.6375
3.9591
4.1666
4.1655
4.1842
4.2278
