1,1,1,1,1,1,1,1,1,1
0.83373,0.83373,0.83373,0.83373,0.83373,0.83373,0.83373,0.83373,0.83373,0.83373
0.7981,0.7981,0.7981,0.7981,0.7981,0.7981,0.7981,0.7981,0.7981,0.7981
0.73287,0.73287,0.73287,0.73287,0.73287,0.73287,0.73287,0.73287,0.73287,0.73287
0.68705,0.68705,0.68705,0.68705,0.68705,0.68705,0.68705,0.68705,0.68705,0.68705
77.442,77.442,77.442,77.442,77.442,77.442,77.442,77.442,77.442,77.442
1,1,1,1,1,1,1,1,1,1
0.86572,0.86572,0.86572,0.86572,0.86572,0.86572,0.86572,0.86572,0.86572,0.86572
0.82485,0.82485,0.82485,0.82485,0.82485,0.82485,0.82485,0.82485,0.82485,0.82485
0.79047,0.79047,0.79047,0.79047,0.79047,0.79047,0.79047,0.79047,0.79047,0.79047
0.7423,0.7423,0.7423,0.7423,0.7423,0.7423,0.7423,0.7423,0.7423,0.7423
3.1832,3.1832,3.1832,3.1832,3.1832,3.1832,3.1832,3.1832,3.1832,3.1832
1,1,1,1,1,1,1,1,1,1
0.87188,0.87188,0.87188,0.87188,0.87188,0.87188,0.87188,0.87188,0.87188,0.87188
0.84037,0.84037,0.84037,0.84037,0.84037,0.84037,0.84037,0.84037,0.84037,0.84037
0.80332,0.80332,0.80332,0.80332,0.80332,0.80332,0.80332,0.80332,0.80332,0.80332
0.76519,0.76519,0.76519,0.76519,0.76519,0.76519,0.76519,0.76519,0.76519,0.76519
4.092,4.092,4.092,4.092,4.092,4.092,4.092,4.092,4.092,4.092
0.012381
0.036642
0.089713
0.19766
0.39796
0.66974
0.87833
0.96443
0.99112
0.99773
0.8121
0.82519
0.83858
0.85865
0.86689
0.87187
0.87278
0.87284
0.87331
0.87323
0.772
0.78763
0.80253
0.82568
0.8341
0.84016
0.84121
0.84102
0.84203
0.84195
0.72646
0.75132
0.76804
0.79152
0.79661
0.80491
0.80474
0.80733
0.80687
0.80716
0.67996
0.70876
0.7258
0.75147
0.75798
0.76589
0.76621
0.76794
0.76804
0.76815
3.1922
3.0484
3.1918
3.4725
3.8541
3.8604
4.0802
4.2205
4.0533
4.011
0.012256
0.037608
0.092631
0.19717
0.3958
0.66709
0.87785
0.96481
0.99169
0.99788
0.84743
0.8416
0.85146
0.83083
0.87229
0.87826
0.88861
0.89
0.89042
0.8891
0.81216
0.80889
0.81924
0.7958
0.84588
0.85018
0.86177
0.86458
0.86448
0.86368
0.74146
0.74833
0.76292
0.75271
0.8125
0.82125
0.83
0.84042
0.83708
0.83771
0.66223
0.66369
0.67481
0.70578
0.73706
0.75282
0.76108
0.76749
0.76769
0.76804
3.2784
3.0073
3.2222
3.4484
3.6375
3.9591
4.1666
4.1655
4.1842
4.2278
