1,1,1,1,1,1,1,1,1,1
0.84517,0.84517,0.84517,0.84517,0.84517,0.84517,0.84517,0.84517,0.84517,0.84517
0.81365,0.81365,0.81365,0.81365,0.81365,0.81365,0.81365,0.81365,0.81365,0.81365
0.75471,0.75471,0.75471,0.75471,0.75471,0.75471,0.75471,0.75471,0.75471,0.75471
0.71424,0.71424,0.71424,0.71424,0.71424,0.71424,0.71424,0.71424,0.71424,0.71424
77.442,77.442,77.442,77.442,77.442,77.442,77.442,77.442,77.442,77.442
1,1,1,1,1,1,1,1,1,1
0.86934,0.86934,0.86934,0.86934,0.86934,0.86934,0.86934,0.86934,0.86934,0.86934
0.83153,0.83153,0.83153,0.83153,0.83153,0.83153,0.83153,0.83153,0.83153,0.83153
0.80415,0.80415,0.80415,0.80415,0.80415,0.80415,0.80415,0.80415,0.80415,0.80415
0.76004,0.76004,0.76004,0.76004,0.76004,0.76004,0.76004,0.76004,0.76004,0.76004
3.1832,3.1832,3.1832,3.1832,3.1832,3.1832,3.1832,3.1832,3.1832,3.1832
1,1,1,1,1,1,1,1,1,1
0.87758,0.87758,0.87758,0.87758,0.87758,0.87758,0.87758,0.87758,0.87758,0.87758
0.84895,0.84895,0.84895,0.84895,0.84895,0.84895,0.84895,0.84895,0.84895,0.84895
0.8185,0.8185,0.8185,0.8185,0.8185,0.8185,0.8185,0.8185,0.8185,0.8185
0.78494,0.78494,0.78494,0.78494,0.78494,0.78494,0.78494,0.78494,0.78494,0.78494
4.092,4.092,4.092,4.092,4.092,4.092,4.092,4.092,4.092,4.092
0.012381
0.036642
0.089713
0.19766
0.39796
0.66974
0.87833
0.96443
0.99112
0.99773
0.82248
0.83383
0.84555
0.86622
0.87261
0.87782
0.87845
0.87824
0.87861
0.8784
0.78701
0.80045
0.81356
0.8365
0.84294
0.84902
0.84966
0.84934
0.8502
0.85005
0.74805
0.76955
0.78642
0.80853
0.81345
0.82031
0.81954
0.82112
0.82127
0.82103
0.70678
0.73249
0.74916
0.77294
0.77907
0.78567
0.78565
0.78648
0.78712
0.78669
3.1922
3.0484
3.1918
3.4725
3.8541
3.8604
4.0802
4.2205
4.0533
4.011
0.012256
0.037608
0.092631
0.19717
0.3958
0.66709
0.87785
0.96481
0.99169
0.99788
0.85667
0.85183
0.85865
0.83786
0.87667
0.88333
0.8927
0.89397
0.89294
0.89294
0.8258
0.82294
0.8305
0.80612
0.85334
0.85756
0.86816
0.87129
0.86991
0.86983
0.76857
0.77024
0.77857
0.7681
0.82095
0.83786
0.84357
0.85286
0.85048
0.85143
0.69068
0.68977
0.69802
0.72809
0.75671
0.773
0.78086
0.78608
0.78599
0.78695
3.2784
3.0073
3.2222
3.4484
3.6375
3.9591
4.1666
4.1655
4.1842
4.2278
