1,1,1,1,1,1,1,1,1,1
0.90426,0.90426,0.90426,0.90426,0.90426,0.90426,0.90426,0.90426,0.90426,0.90426
0.89678,0.89678,0.89678,0.89678,0.89678,0.89678,0.89678,0.89678,0.89678,0.89678
0.86378,0.86378,0.86378,0.86378,0.86378,0.86378,0.86378,0.86378,0.86378,0.86378
0.85441,0.85441,0.85441,0.85441,0.85441,0.85441,0.85441,0.85441,0.85441,0.85441
77.442,77.442,77.442,77.442,77.442,77.442,77.442,77.442,77.442,77.442
1,1,1,1,1,1,1,1,1,1
0.89064,0.89064,0.89064,0.89064,0.89064,0.89064,0.89064,0.89064,0.89064,0.89064
0.87144,0.87144,0.87144,0.87144,0.87144,0.87144,0.87144,0.87144,0.87144,0.87144
0.86325,0.86325,0.86325,0.86325,0.86325,0.86325,0.86325,0.86325,0.86325,0.86325
0.84283,0.84283,0.84283,0.84283,0.84283,0.84283,0.84283,0.84283,0.84283,0.84283
3.1832,3.1832,3.1832,3.1832,3.1832,3.1832,3.1832,3.1832,3.1832,3.1832
1,1,1,1,1,1,1,1,1,1
0.91228,0.91228,0.91228,0.91228,0.91228,0.91228,0.91228,0.91228,0.91228,0.91228
0.90113,0.90113,0.90113,0.90113,0.90113,0.90113,0.90113,0.90113,0.90113,0.90113
0.88916,0.88916,0.88916,0.88916,0.88916,0.88916,0.88916,0.88916,0.88916,0.88916
0.87889,0.87889,0.87889,0.87889,0.87889,0.87889,0.87889,0.87889,0.87889,0.87889
4.092,4.092,4.092,4.092,4.092,4.092,4.092,4.092,4.092,4.092
0.012381
0.036642
0.089713
0.19766
0.39796
0.66974
0.87833
0.96443
0.99112
0.99773
0.88554
0.88838
0.89419
0.90865
0.90828
0.91035
0.91006
0.9118
0.91206
0.91262
0.87638
0.88008
0.88463
0.89877
0.89709
0.89907
0.89917
0.9004
0.90092
0.90153
0.85367
0.86914
0.87447
0.8837
0.88816
0.89016
0.89049
0.8915
0.89116
0.89205
0.84341
0.8605
0.86506
0.87481
0.87806
0.87821
0.87945
0.87928
0.87941
0.88008
3.1922
3.0484
3.1918
3.4725
3.8541
3.8604
4.0802
4.2205
4.0533
4.011
0.012256
0.037608
0.092631
0.19717
0.3958
0.66709
0.87785
0.96481
0.99169
0.99788
0.91037
0.91074
0.91019
0.88278
0.91074
0.91241
0.91648
0.92037
0.91852
0.91833
0.90469
0.90401
0.90262
0.87204
0.90188
0.90179
0.90645
0.91148
0.9084
0.90812
0.87556
0.86611
0.86778
0.84667
0.87944
0.90111
0.90222
0.90389
0.90222
0.90333
0.83555
0.83384
0.8348
0.84911
0.86203
0.87204
0.87547
0.87928
0.87964
0.87971
3.2784
3.0073
3.2222
3.4484
3.6375
3.9591
4.1666
4.1655
4.1842
4.2278
