1,1,1,1,1,1,1,1,1,1
0.85469,0.85469,0.85469,0.85469,0.85469,0.85469,0.85469,0.85469,0.85469,0.85469
0.82804,0.82804,0.82804,0.82804,0.82804,0.82804,0.82804,0.82804,0.82804,0.82804
0.77633,0.77633,0.77633,0.77633,0.77633,0.77633,0.77633,0.77633,0.77633,0.77633
0.74173,0.74173,0.74173,0.74173,0.74173,0.74173,0.74173,0.74173,0.74173,0.74173
82.275,82.275,82.275,82.275,82.275,82.275,82.275,82.275,82.275,82.275
1,1,1,1,1,1,1,1,1,1
0.88077,0.88077,0.88077,0.88077,0.88077,0.88077,0.88077,0.88077,0.88077,0.88077
0.84838,0.84838,0.84838,0.84838,0.84838,0.84838,0.84838,0.84838,0.84838,0.84838
0.81826,0.81826,0.81826,0.81826,0.81826,0.81826,0.81826,0.81826,0.81826,0.81826
0.77539,0.77539,0.77539,0.77539,0.77539,0.77539,0.77539,0.77539,0.77539,0.77539
3.7621,3.7621,3.7621,3.7621,3.7621,3.7621,3.7621,3.7621,3.7621,3.7621
1,1,1,1,1,1,1,1,1,1
0.89065,0.89065,0.89065,0.89065,0.89065,0.89065,0.89065,0.89065,0.89065,0.89065
0.86609,0.86609,0.86609,0.86609,0.86609,0.86609,0.86609,0.86609,0.86609,0.86609
0.83638,0.83638,0.83638,0.83638,0.83638,0.83638,0.83638,0.83638,0.83638,0.83638
0.80529,0.80529,0.80529,0.80529,0.80529,0.80529,0.80529,0.80529,0.80529,0.80529
4.471,4.471,4.471,4.471,4.471,4.471,4.471,4.471,4.471,4.471
0.012045
0.035087
0.087424
0.19474
0.39171
0.66838
0.87455
0.96516
0.9901
0.99769
0.83421
0.8463
0.86107
0.87881
0.88168
0.89115
0.89182
0.8923
0.89271
0.89256
0.8043
0.81729
0.83474
0.85381
0.85618
0.86652
0.86727
0.86788
0.86819
0.86818
0.7685
0.78289
0.80342
0.81298
0.82671
0.835
0.83895
0.83833
0.83989
0.83961
0.73433
0.74802
0.77064
0.78039
0.79477
0.80342
0.80707
0.80654
0.80752
0.80726
3.4399
3.4672
3.6124
3.8202
4.0604
4.3296
4.4554
4.4972
4.2597
4.2368
0.01238
0.033996
0.08898
0.19401
0.3937
0.66978
0.87463
0.96424
0.98961
0.99782
0.86565
0.8613
0.86676
0.88278
0.89213
0.90463
0.90954
0.91074
0.90991
0.91176
0.84142
0.83588
0.84492
0.86024
0.86759
0.88288
0.8861
0.88715
0.88623
0.88727
0.79361
0.79611
0.81333
0.82833
0.85
0.86667
0.87917
0.87944
0.88222
0.88139
0.70809
0.71657
0.72853
0.75264
0.77845
0.79495
0.80269
0.80487
0.80609
0.80753
3.385
3.4292
3.5441
3.6715
3.9395
4.1949
4.3725
4.3985
4.2514
4.1546
