1,1,1,1,1,1,1,1,1,1
0.81279,0.81279,0.81279,0.81279,0.81279,0.81279,0.81279,0.81279,0.81279,0.81279
0.76941,0.76941,0.76941,0.76941,0.76941,0.76941,0.76941,0.76941,0.76941,0.76941
0.69069,0.69069,0.69069,0.69069,0.69069,0.69069,0.69069,0.69069,0.69069,0.69069
0.63549,0.63549,0.63549,0.63549,0.63549,0.63549,0.63549,0.63549,0.63549,0.63549
82.275,82.275,82.275,82.275,82.275,82.275,82.275,82.275,82.275,82.275
1,1,1,1,1,1,1,1,1,1
0.86406,0.86406,0.86406,0.86406,0.86406,0.86406,0.86406,0.86406,0.86406,0.86406
0.82107,0.82107,0.82107,0.82107,0.82107,0.82107,0.82107,0.82107,0.82107,0.82107
0.75656,0.75656,0.75656,0.75656,0.75656,0.75656,0.75656,0.75656,0.75656,0.75656
0.69885,0.69885,0.69885,0.69885,0.69885,0.69885,0.69885,0.69885,0.69885,0.69885
3.7621,3.7621,3.7621,3.7621,3.7621,3.7621,3.7621,3.7621,3.7621,3.7621
1,1,1,1,1,1,1,1,1,1
0.87036,0.87036,0.87036,0.87036,0.87036,0.87036,0.87036,0.87036,0.87036,0.87036
0.83426,0.83426,0.83426,0.83426,0.83426,0.83426,0.83426,0.83426,0.83426,0.83426
0.77217,0.77217,0.77217,0.77217,0.77217,0.77217,0.77217,0.77217,0.77217,0.77217
0.72527,0.72527,0.72527,0.72527,0.72527,0.72527,0.72527,0.72527,0.72527,0.72527
4.471,4.471,4.471,4.471,4.471,4.471,4.471,4.471,4.471,4.471
0.012045
0.035087
0.087424
0.19474
0.39171
0.66838
0.87455
0.96516
0.9901
0.99769
0.79654
0.8113
0.83058
0.85285
0.86119
0.86918
0.87123
0.87247
0.87245
0.87237
0.74926
0.76615
0.78888
0.81484
0.82371
0.83326
0.83493
0.83651
0.83657
0.83649
0.68619
0.70751
0.73281
0.75146
0.76536
0.7715
0.7721
0.77381
0.7735
0.77357
0.63042
0.65241
0.68214
0.69953
0.71581
0.72361
0.72536
0.72659
0.72639
0.72619
3.4399
3.4672
3.6124
3.8202
4.0604
4.3296
4.4554
4.4972
4.2597
4.2368
0.01238
0.033996
0.08898
0.19401
0.3937
0.66978
0.87463
0.96424
0.98961
0.99782
0.82744
0.82322
0.835
0.85472
0.87106
0.88756
0.897
0.89639
0.89833
0.8985
0.78807
0.7827
0.79898
0.81914
0.83769
0.85667
0.86415
0.86494
0.86612
0.86661
0.708
0.7055
0.7325
0.755
0.781
0.805
0.81483
0.81833
0.8185
0.81867
0.60442
0.61287
0.63206
0.6609
0.69528
0.71429
0.72216
0.72418
0.7254
0.72662
3.385
3.4292
3.5441
3.6715
3.9395
4.1949
4.3725
4.3985
4.2514
4.1546
