1,1,1,1,1,1,1,1,1,1
0.90348,0.90348,0.90348,0.90348,0.90348,0.90348,0.90348,0.90348,0.90348,0.90348
0.89603,0.89603,0.89603,0.89603,0.89603,0.89603,0.89603,0.89603,0.89603,0.89603
0.86178,0.86178,0.86178,0.86178,0.86178,0.86178,0.86178,0.86178,0.86178,0.86178
0.8524,0.8524,0.8524,0.8524,0.8524,0.8524,0.8524,0.8524,0.8524,0.8524
82.275,82.275,82.275,82.275,82.275,82.275,82.275,82.275,82.275,82.275
1,1,1,1,1,1,1,1,1,1
0.89701,0.89701,0.89701,0.89701,0.89701,0.89701,0.89701,0.89701,0.89701,0.89701
0.87898,0.87898,0.87898,0.87898,0.87898,0.87898,0.87898,0.87898,0.87898,0.87898
0.8599,0.8599,0.8599,0.8599,0.8599,0.8599,0.8599,0.8599,0.8599,0.8599
0.83653,0.83653,0.83653,0.83653,0.83653,0.83653,0.83653,0.83653,0.83653,0.83653
3.7621,3.7621,3.7621,3.7621,3.7621,3.7621,3.7621,3.7621,3.7621,3.7621
1,1,1,1,1,1,1,1,1,1
0.91773,0.91773,0.91773,0.91773,0.91773,0.91773,0.91773,0.91773,0.91773,0.91773
0.90744,0.90744,0.90744,0.90744,0.90744,0.90744,0.90744,0.90744,0.90744,0.90744
0.88547,0.88547,0.88547,0.88547,0.88547,0.88547,0.88547,0.88547,0.88547,0.88547
0.87433,0.87433,0.87433,0.87433,0.87433,0.87433,0.87433,0.87433,0.87433,0.87433
4.471,4.471,4.471,4.471,4.471,4.471,4.471,4.471,4.471,4.471
0.012045
0.035087
0.087424
0.19474
0.39171
0.66838
0.87455
0.96516
0.9901
0.99769
0.88365
0.89141
0.90323
0.91265
0.91076
0.91876
0.92017
0.91906
0.91887
0.91969
0.8748
0.88263
0.89445
0.90261
0.89902
0.90773
0.90872
0.90801
0.90779
0.90865
0.85168
0.86124
0.86902
0.87669
0.88158
0.88537
0.88514
0.8838
0.88447
0.88314
0.8421
0.85086
0.85957
0.86422
0.86987
0.87388
0.87459
0.87346
0.87341
0.87235
3.4399
3.4672
3.6124
3.8202
4.0604
4.3296
4.4554
4.4972
4.2597
4.2368
0.01238
0.033996
0.08898
0.19401
0.3937
0.66978
0.87463
0.96424
0.98961
0.99782
0.90907
0.90519
0.91074
0.92074
0.91481
0.92463
0.92519
0.92759
0.92463
0.92556
0.90309
0.89809
0.90463
0.91269
0.90321
0.91293
0.91438
0.91383
0.91185
0.91225
0.885
0.86944
0.88444
0.89278
0.89778
0.90944
0.91556
0.91389
0.91333
0.91333
0.83055
0.82636
0.83284
0.84869
0.85998
0.87185
0.87348
0.87296
0.87201
0.87253
3.385
3.4292
3.5441
3.6715
3.9395
4.1949
4.3725
4.3985
4.2514
4.1546
