1,1,1,1,1,1,1,1,1,1
0.86755,0.86755,0.86755,0.86755,0.86755,0.86755,0.86755,0.86755,0.86755,0.86755
0.84642,0.84642,0.84642,0.84642,0.84642,0.84642,0.84642,0.84642,0.84642,0.84642
0.79958,0.79958,0.79958,0.79958,0.79958,0.79958,0.79958,0.79958,0.79958,0.79958
0.77265,0.77265,0.77265,0.77265,0.77265,0.77265,0.77265,0.77265,0.77265,0.77265
82.275,82.275,82.275,82.275,82.275,82.275,82.275,82.275,82.275,82.275
1,1,1,1,1,1,1,1,1,1
0.88557,0.88557,0.88557,0.88557,0.88557,0.88557,0.88557,0.88557,0.88557,0.88557
0.85701,0.85701,0.85701,0.85701,0.85701,0.85701,0.85701,0.85701,0.85701,0.85701
0.83234,0.83234,0.83234,0.83234,0.83234,0.83234,0.83234,0.83234,0.83234,0.83234
0.79467,0.79467,0.79467,0.79467,0.79467,0.79467,0.79467,0.79467,0.79467,0.79467
3.7621,3.7621,3.7621,3.7621,3.7621,3.7621,3.7621,3.7621,3.7621,3.7621
1,1,1,1,1,1,1,1,1,1
0.8976,0.8976,0.8976,0.8976,0.8976,0.8976,0.8976,0.8976,0.8976,0.8976
0.87709,0.87709,0.87709,0.87709,0.87709,0.87709,0.87709,0.87709,0.87709,0.87709
0.85116,0.85116,0.85116,0.85116,0.85116,0.85116,0.85116,0.85116,0.85116,0.85116
0.82548,0.82548,0.82548,0.82548,0.82548,0.82548,0.82548,0.82548,0.82548,0.82548
4.471,4.471,4.471,4.471,4.471,4.471,4.471,4.471,4.471,4.471
0.012045
0.035087
0.087424
0.19474
0.39171
0.66838
0.87455
0.96516
0.9901
0.99769
0.84673
0.8573
0.87205
0.88822
0.88893
0.89831
0.89896
0.8998
0.89971
0.89987
0.8227
0.83401
0.85092
0.86719
0.86756
0.87758
0.87824
0.87904
0.87897
0.87917
0.79606
0.80386
0.82188
0.83028
0.84249
0.84997
0.8519
0.8527
0.8519
0.85183
0.76827
0.77636
0.79544
0.80349
0.81681
0.82358
0.82584
0.82615
0.82541
0.82529
3.4399
3.4672
3.6124
3.8202
4.0604
4.3296
4.4554
4.4972
4.2597
4.2368
0.01238
0.033996
0.08898
0.19401
0.3937
0.66978
0.87463
0.96424
0.98961
0.99782
0.87489
0.872
0.877
0.89156
0.89789
0.91111
0.91467
0.91567
0.91422
0.91522
0.85665
0.85185
0.85976
0.87373
0.87694
0.89164
0.89408
0.89454
0.89332
0.89365
0.82
0.818
0.83367
0.84633
0.865
0.879
0.894
0.892
0.894
0.893
0.74164
0.74701
0.75781
0.77928
0.80123
0.81614
0.82249
0.82487
0.82477
0.82565
3.385
3.4292
3.5441
3.6715
3.9395
4.1949
4.3725
4.3985
4.2514
4.1546
