1,1,1,1,1,1,1,1,1,1
0.88308,0.88308,0.88308,0.88308,0.88308,0.88308,0.88308,0.88308,0.88308,0.88308
0.86845,0.86845,0.86845,0.86845,0.86845,0.86845,0.86845,0.86845,0.86845,0.86845
0.82712,0.82712,0.82712,0.82712,0.82712,0.82712,0.82712,0.82712,0.82712,0.82712
0.80877,0.80877,0.80877,0.80877,0.80877,0.80877,0.80877,0.80877,0.80877,0.80877
82.275,82.275,82.275,82.275,82.275,82.275,82.275,82.275,82.275,82.275
1,1,1,1,1,1,1,1,1,1
0.89051,0.89051,0.89051,0.89051,0.89051,0.89051,0.89051,0.89051,0.89051,0.89051
0.86679,0.86679,0.86679,0.86679,0.86679,0.86679,0.86679,0.86679,0.86679,0.86679
0.84663,0.84663,0.84663,0.84663,0.84663,0.84663,0.84663,0.84663,0.84663,0.84663
0.81495,0.81495,0.81495,0.81495,0.81495,0.81495,0.81495,0.81495,0.81495,0.81495
3.7621,3.7621,3.7621,3.7621,3.7621,3.7621,3.7621,3.7621,3.7621,3.7621
1,1,1,1,1,1,1,1,1,1
0.90591,0.90591,0.90591,0.90591,0.90591,0.90591,0.90591,0.90591,0.90591,0.90591
0.89021,0.89021,0.89021,0.89021,0.89021,0.89021,0.89021,0.89021,0.89021,0.89021
0.86649,0.86649,0.86649,0.86649,0.86649,0.86649,0.86649,0.86649,0.86649,0.86649
0.84742,0.84742,0.84742,0.84742,0.84742,0.84742,0.84742,0.84742,0.84742,0.84742
4.471,4.471,4.471,4.471,4.471,4.471,4.471,4.471,4.471,4.471
0.012045
0.035087
0.087424
0.19474
0.39171
0.66838
0.87455
0.96516
0.9901
0.99769
0.86254
0.87205
0.88629
0.89883
0.89816
0.90775
0.908
0.90827
0.90825
0.90794
0.84532
0.8554
0.87061
0.88293
0.88135
0.89134
0.89152
0.89176
0.89184
0.89176
0.82205
0.83139
0.84281
0.85006
0.86107
0.86591
0.86808
0.86657
0.86649
0.86632
0.80269
0.81162
0.82419
0.83037
0.84178
0.84641
0.8486
0.84706
0.8472
0.84676
3.4399
3.4672
3.6124
3.8202
4.0604
4.3296
4.4554
4.4972
4.2597
4.2368
0.01238
0.033996
0.08898
0.19401
0.3937
0.66978
0.87463
0.96424
0.98961
0.99782
0.88944
0.885
0.89111
0.90292
0.90611
0.91667
0.91944
0.92028
0.91847
0.92
0.87672
0.87106
0.8792
0.8901
0.88932
0.90064
0.90304
0.90259
0.90118
0.90186
0.85333
0.84083
0.85
0.86417
0.87667
0.89458
0.9075
0.90208
0.90417
0.90375
0.78061
0.78219
0.79005
0.81064
0.82808
0.84089
0.84619
0.84712
0.84687
0.8474
3.385
3.4292
3.5441
3.6715
3.9395
4.1949
4.3725
4.3985
4.2514
4.1546
