1,1,1,1,1,1,1,1,1,1
0.84279,0.84279,0.84279,0.84279,0.84279,0.84279,0.84279,0.84279,0.84279,0.84279
0.81125,0.81125,0.81125,0.81125,0.81125,0.81125,0.81125,0.81125,0.81125,0.81125
0.75357,0.75357,0.75357,0.75357,0.75357,0.75357,0.75357,0.75357,0.75357,0.75357
0.71277,0.71277,0.71277,0.71277,0.71277,0.71277,0.71277,0.71277,0.71277,0.71277
82.275,82.275,82.275,82.275,82.275,82.275,82.275,82.275,82.275,82.275
1,1,1,1,1,1,1,1,1,1
0.87599,0.87599,0.87599,0.87599,0.87599,0.87599,0.87599,0.87599,0.87599,0.87599
0.84058,0.84058,0.84058,0.84058,0.84058,0.84058,0.84058,0.84058,0.84058,0.84058
0.80453,0.80453,0.80453,0.80453,0.80453,0.80453,0.80453,0.80453,0.80453,0.80453
0.75753,0.75753,0.75753,0.75753,0.75753,0.75753,0.75753,0.75753,0.75753,0.75753
3.7621,3.7621,3.7621,3.7621,3.7621,3.7621,3.7621,3.7621,3.7621,3.7621
1,1,1,1,1,1,1,1,1,1
0.88547,0.88547,0.88547,0.88547,0.88547,0.88547,0.88547,0.88547,0.88547,0.88547
0.85732,0.85732,0.85732,0.85732,0.85732,0.85732,0.85732,0.85732,0.85732,0.85732
0.82088,0.82088,0.82088,0.82088,0.82088,0.82088,0.82088,0.82088,0.82088,0.82088
0.78525,0.78525,0.78525,0.78525,0.78525,0.78525,0.78525,0.78525,0.78525,0.78525
4.471,4.471,4.471,4.471,4.471,4.471,4.471,4.471,4.471,4.471
0.012045
0.035087
0.087424
0.19474
0.39171
0.66838
0.87455
0.96516
0.9901
0.99769
0.82293
0.83679
0.85157
0.87111
0.87578
0.88534
0.88588
0.88639
0.88689
0.88642
0.78798
0.80279
0.82083
0.84241
0.84684
0.85727
0.85799
0.85857
0.85921
0.85888
0.74705
0.76473
0.78575
0.79824
0.81125
0.82073
0.82307
0.82331
0.82416
0.82402
0.70669
0.72353
0.74756
0.75981
0.77413
0.78427
0.78684
0.78702
0.78773
0.78753
3.4399
3.4672
3.6124
3.8202
4.0604
4.3296
4.4554
4.4972
4.2597
4.2368
0.01238
0.033996
0.08898
0.19401
0.3937
0.66978
0.87463
0.96424
0.98961
0.99782
0.85603
0.85143
0.85881
0.87603
0.88667
0.90008
0.90619
0.90802
0.90698
0.90913
0.82699
0.82126
0.83258
0.84942
0.85955
0.87563
0.8798
0.88148
0.88049
0.88207
0.7731
0.77214
0.78929
0.80762
0.83571
0.85405
0.86452
0.865
0.86833
0.86786
0.6803
0.68827
0.70133
0.72775
0.75753
0.77589
0.78299
0.78483
0.78625
0.78736
3.385
3.4292
3.5441
3.6715
3.9395
4.1949
4.3725
4.3985
4.2514
4.1546
