1,1,1,1,1,1,1,1,1,1
0.93544,0.93544,0.93544,0.93544,0.93544,0.93544,0.93544,0.93544,0.93544,0.93544
0.93544,0.93544,0.93544,0.93544,0.93544,0.93544,0.93544,0.93544,0.93544,0.93544
0.90693,0.90693,0.90693,0.90693,0.90693,0.90693,0.90693,0.90693,0.90693,0.90693
0.90693,0.90693,0.90693,0.90693,0.90693,0.90693,0.90693,0.90693,0.90693,0.90693
82.275,82.275,82.275,82.275,82.275,82.275,82.275,82.275,82.275,82.275
1,1,1,1,1,1,1,1,1,1
0.90561,0.90561,0.90561,0.90561,0.90561,0.90561,0.90561,0.90561,0.90561,0.90561
0.89444,0.89444,0.89444,0.89444,0.89444,0.89444,0.89444,0.89444,0.89444,0.89444
0.87858,0.87858,0.87858,0.87858,0.87858,0.87858,0.87858,0.87858,0.87858,0.87858
0.86449,0.86449,0.86449,0.86449,0.86449,0.86449,0.86449,0.86449,0.86449,0.86449
3.7621,3.7621,3.7621,3.7621,3.7621,3.7621,3.7621,3.7621,3.7621,3.7621
1,1,1,1,1,1,1,1,1,1
0.93557,0.93557,0.93557,0.93557,0.93557,0.93557,0.93557,0.93557,0.93557,0.93557
0.93157,0.93157,0.93157,0.93157,0.93157,0.93157,0.93157,0.93157,0.93157,0.93157
0.91761,0.91761,0.91761,0.91761,0.91761,0.91761,0.91761,0.91761,0.91761,0.91761
0.91435,0.91435,0.91435,0.91435,0.91435,0.91435,0.91435,0.91435,0.91435,0.91435
4.471,4.471,4.471,4.471,4.471,4.471,4.471,4.471,4.471,4.471
0.012045
0.035087
0.087424
0.19474
0.39171
0.66838
0.87455
0.96516
0.9901
0.99769
0.92016
0.92472
0.93095
0.93429
0.92996
0.93557
0.93607
0.93563
0.93557
0.93624
0.92005
0.92395
0.92954
0.93054
0.92452
0.93073
0.93093
0.93065
0.93054
0.9311
0.90361
0.90477
0.91194
0.90977
0.91577
0.9171
0.91694
0.91777
0.91677
0.91694
0.90352
0.90427
0.91111
0.90652
0.91193
0.91327
0.91402
0.9141
0.91318
0.91326
3.4399
3.4672
3.6124
3.8202
4.0604
4.3296
4.4554
4.4972
4.2597
4.2368
0.01238
0.033996
0.08898
0.19401
0.3937
0.66978
0.87463
0.96424
0.98961
0.99782
0.94278
0.93528
0.94361
0.94306
0.93194
0.93528
0.93806
0.93556
0.93667
0.93583
0.94278
0.93528
0.94278
0.94069
0.92583
0.92819
0.93222
0.92806
0.92917
0.92875
0.93333
0.9175
0.92833
0.92333
0.925
0.93
0.935
0.93
0.93083
0.93167
0.89693
0.88575
0.89326
0.90018
0.9061
0.91602
0.91385
0.91234
0.91243
0.91343
3.385
3.4292
3.5441
3.6715
3.9395
4.1949
4.3725
4.3985
4.2514
4.1546
