1,1,1,1,1,1,1,1,1,1
1,1,1,1,1,1,1,1,1,1
1,1,1,1,1,1,1,1,1,1
1,1,1,1,1,1,1,1,1,1
1,1,1,1,1,1,1,1,1,1
82.275,82.275,82.275,82.275,82.275,82.275,82.275,82.275,82.275,82.275
1,1,1,1,1,1,1,1,1,1
0.91674,0.91674,0.91674,0.91674,0.91674,0.91674,0.91674,0.91674,0.91674,0.91674
0.91674,0.91674,0.91674,0.91674,0.91674,0.91674,0.91674,0.91674,0.91674,0.91674
0.90626,0.90626,0.90626,0.90626,0.90626,0.90626,0.90626,0.90626,0.90626,0.90626
0.90626,0.90626,0.90626,0.90626,0.90626,0.90626,0.90626,0.90626,0.90626,0.90626
3.7621,3.7621,3.7621,3.7621,3.7621,3.7621,3.7621,3.7621,3.7621,3.7621
1,1,1,1,1,1,1,1,1,1
0.97143,0.97143,0.97143,0.97143,0.97143,0.97143,0.97143,0.97143,0.97143,0.97143
0.97143,0.97143,0.97143,0.97143,0.97143,0.97143,0.97143,0.97143,0.97143,0.97143
0.97698,0.97698,0.97698,0.97698,0.97698,0.97698,0.97698,0.97698,0.97698,0.97698
0.97698,0.97698,0.97698,0.97698,0.97698,0.97698,0.97698,0.97698,0.97698,0.97698
4.471,4.471,4.471,4.471,4.471,4.471,4.471,4.471,4.471,4.471
0.012045
0.035087
0.087424
0.19474
0.39171
0.66838
0.87455
0.96516
0.9901
0.99769
0.99933
0.99522
0.99022
0.97844
0.96766
0.96921
0.96787
0.96688
0.96732
0.96743
0.99933
0.99522
0.99022
0.97844
0.96766
0.96921
0.96787
0.96688
0.96732
0.96743
0.99967
0.99767
0.99533
0.98233
0.97698
0.97832
0.97965
0.97564
0.97531
0.97498
0.99967
0.99767
0.99533
0.98233
0.97698
0.97832
0.97965
0.97564
0.97531
0.97498
3.4399
3.4672
3.6124
3.8202
4.0604
4.3296
4.4554
4.4972
4.2597
4.2368
0.01238
0.033996
0.08898
0.19401
0.3937
0.66978
0.87463
0.96424
0.98961
0.99782
1
1
0.995
0.98778
0.96222
0.95111
0.96111
0.95667
0.95611
0.95667
1
1
0.995
0.98778
0.96222
0.95111
0.96111
0.95667
0.95611
0.95667
1
1
1
0.98833
0.97667
0.96833
0.96667
0.95833
0.96167
0.96
1
0.999
0.99933
0.98999
0.98798
0.98199
0.97599
0.97397
0.97497
0.97431
3.385
3.4292
3.5441
3.6715
3.9395
4.1949
4.3725
4.3985
4.2514
4.1546
