1,1,1,1,1,1,1,1,1,1
0.83212,0.83212,0.83212,0.83212,0.83212,0.83212,0.83212,0.83212,0.83212,0.83212
0.79617,0.79617,0.79617,0.79617,0.79617,0.79617,0.79617,0.79617,0.79617,0.79617
0.7317,0.7317,0.7317,0.7317,0.7317,0.7317,0.7317,0.7317,0.7317,0.7317
0.68557,0.68557,0.68557,0.68557,0.68557,0.68557,0.68557,0.68557,0.68557,0.68557
82.275,82.275,82.275,82.275,82.275,82.275,82.275,82.275,82.275,82.275
1,1,1,1,1,1,1,1,1,1
0.87119,0.87119,0.87119,0.87119,0.87119,0.87119,0.87119,0.87119,0.87119,0.87119
0.8331,0.8331,0.8331,0.8331,0.8331,0.8331,0.8331,0.8331,0.8331,0.8331
0.79043,0.79043,0.79043,0.79043,0.79043,0.79043,0.79043,0.79043,0.79043,0.79043
0.73933,0.73933,0.73933,0.73933,0.73933,0.73933,0.73933,0.73933,0.73933,0.73933
3.7621,3.7621,3.7621,3.7621,3.7621,3.7621,3.7621,3.7621,3.7621,3.7621
1,1,1,1,1,1,1,1,1,1
0.88021,0.88021,0.88021,0.88021,0.88021,0.88021,0.88021,0.88021,0.88021,0.88021
0.84913,0.84913,0.84913,0.84913,0.84913,0.84913,0.84913,0.84913,0.84913,0.84913
0.80599,0.80599,0.80599,0.80599,0.80599,0.80599,0.80599,0.80599,0.80599,0.80599
0.76599,0.76599,0.76599,0.76599,0.76599,0.76599,0.76599,0.76599,0.76599,0.76599
4.471,4.471,4.471,4.471,4.471,4.471,4.471,4.471,4.471,4.471
0.012045
0.035087
0.087424
0.19474
0.39171
0.66838
0.87455
0.96516
0.9901
0.99769
0.81345
0.82772
0.84377
0.8648
0.87063
0.87914
0.8804
0.88103
0.88066
0.88076
0.77397
0.78961
0.80896
0.83258
0.83846
0.84829
0.8494
0.85037
0.85025
0.85032
0.72788
0.74468
0.76796
0.78356
0.79773
0.8059
0.80712
0.80728
0.80787
0.80766
0.68123
0.69864
0.72516
0.74003
0.75606
0.76499
0.76706
0.76729
0.76778
0.7674
3.4399
3.4672
3.6124
3.8202
4.0604
4.3296
4.4554
4.4972
4.2597
4.2368
0.01238
0.033996
0.08898
0.19401
0.3937
0.66978
0.87463
0.96424
0.98961
0.99782
0.84479
0.8391
0.85014
0.86792
0.88132
0.89618
0.90417
0.90368
0.90354
0.90431
0.81219
0.80585
0.8203
0.83822
0.85214
0.86912
0.87502
0.87546
0.87537
0.87597
0.74792
0.74771
0.77083
0.78958
0.81729
0.84062
0.85
0.85167
0.85271
0.85333
0.65239
0.66027
0.67669
0.70516
0.73623
0.75476
0.76271
0.76543
0.76681
0.76749
3.385
3.4292
3.5441
3.6715
3.9395
4.1949
4.3725
4.3985
4.2514
4.1546
