1,1,1,1,1,1,1,1,1,1
0.82156,0.82156,0.82156,0.82156,0.82156,0.82156,0.82156,0.82156,0.82156,0.82156
0.78191,0.78191,0.78191,0.78191,0.78191,0.78191,0.78191,0.78191,0.78191,0.78191
0.71089,0.71089,0.71089,0.71089,0.71089,0.71089,0.71089,0.71089,0.71089,0.71089
0.6598,0.6598,0.6598,0.6598,0.6598,0.6598,0.6598,0.6598,0.6598,0.6598
82.275,82.275,82.275,82.275,82.275,82.275,82.275,82.275,82.275,82.275
1,1,1,1,1,1,1,1,1,1
0.86819,0.86819,0.86819,0.86819,0.86819,0.86819,0.86819,0.86819,0.86819,0.86819
0.82732,0.82732,0.82732,0.82732,0.82732,0.82732,0.82732,0.82732,0.82732,0.82732
0.77384,0.77384,0.77384,0.77384,0.77384,0.77384,0.77384,0.77384,0.77384,0.77384
0.7194,0.7194,0.7194,0.7194,0.7194,0.7194,0.7194,0.7194,0.7194,0.7194
3.7621,3.7621,3.7621,3.7621,3.7621,3.7621,3.7621,3.7621,3.7621,3.7621
1,1,1,1,1,1,1,1,1,1
0.87489,0.87489,0.87489,0.87489,0.87489,0.87489,0.87489,0.87489,0.87489,0.87489
0.84127,0.84127,0.84127,0.84127,0.84127,0.84127,0.84127,0.84127,0.84127,0.84127
0.78993,0.78993,0.78993,0.78993,0.78993,0.78993,0.78993,0.78993,0.78993,0.78993
0.74619,0.74619,0.74619,0.74619,0.74619,0.74619,0.74619,0.74619,0.74619,0.74619
4.471,4.471,4.471,4.471,4.471,4.471,4.471,4.471,4.471,4.471
0.012045
0.035087
0.087424
0.19474
0.39171
0.66838
0.87455
0.96516
0.9901
0.99769
0.80473
0.81947
0.83707
0.85838
0.866
0.87449
0.87603
0.87659
0.8764
0.8767
0.76113
0.7776
0.79868
0.82309
0.83092
0.84077
0.84212
0.84311
0.84305
0.84327
0.70726
0.72572
0.75056
0.76721
0.78181
0.78826
0.78926
0.79148
0.791
0.79015
0.6555
0.67493
0.70362
0.71937
0.7361
0.74401
0.7462
0.74762
0.74762
0.7468
3.4399
3.4672
3.6124
3.8202
4.0604
4.3296
4.4554
4.4972
4.2597
4.2368
0.01238
0.033996
0.08898
0.19401
0.3937
0.66978
0.87463
0.96424
0.98961
0.99782
0.835
0.83093
0.84241
0.86086
0.87599
0.89216
0.90062
0.89975
0.90025
0.90105
0.79922
0.79391
0.80945
0.8282
0.84467
0.86292
0.86956
0.86978
0.8703
0.87096
0.72907
0.72407
0.75093
0.77296
0.79963
0.82296
0.83407
0.83741
0.83852
0.8387
0.62753
0.636
0.65417
0.68294
0.71568
0.73427
0.74327
0.74536
0.74674
0.74737
3.385
3.4292
3.5441
3.6715
3.9395
4.1949
4.3725
4.3985
4.2514
4.1546
